function [c,ceq] = conQ3(x)
c(1) = -1 + 0.0025*(x(4) + x(6));
c(2) = -1 + 0.0025*(-1*x(4) + x(5) + x(7));
c(3) = -1 + 0.01*(-1*x(6) + x(8));
c(4) = 100*x(1) - x(1)*x(6) + 833.33252*x(4) - 83333.33;
c(5) = x(2)*x(4) - x(2)*x(7) -1250*x(4) + 1250*x(5);
c(6) = x(3)*x(5) - x(3)*x(8) - 2500*x(5) + 1250000;
ceq = [];
end

